 [0.16666667 0.16666667 0.66666667]
 [0.16666667 0.25       0.58333333]
 [0.16666667 0.33333333 0.5       ]
 [0.16666667 0.41666667 0.41666667]
 [0.16666667 0.5        0.33333333]
 [0.16666667 0.58333333 0.25      ]
 [0.16666667 0.66666667 0.16666667]
 [0.25       0.16666667 0.58333333]
 [0.25       0.25       0.5       ]
 [0.25       0.33333333 0.41666667]
 [0.25       0.41666667 0.33333333]
 [0.25       0.5        0.25      ]
 [0.25       0.58333333 0.16666667]
 [0.33333333 0.16666667 0.5       ]
 [0.33333333 0.25       0.41666667]
 [0.33333333 0.33333333 0.33333333]
 [0.33333333 0.41666667 0.25      ]
 [0.33333333 0.5        0.16666667]
 [0.41666667 0.16666667 0.41666667]
 [0.41666667 0.25       0.33333333]
 [0.41666667 0.33333333 0.25      ]
 [0.41666667 0.41666667 0.16666667]
 [0.5        0.16666667 0.33333333]
 [0.5        0.25       0.25      ]
 [0.5        0.33333333 0.16666667]
 [0.58333333 0.16666667 0.25      ]
 [0.58333333 0.25       0.16666667]
 [0.66666667 0.16666667 0.16666667]